0.345395 0.0459351 0.493872 0;
0.505153 0.0470433 0.481888 0;
0.336978 0.0472383 0.411983 0;
0.207696 0.0464019 0.488709 0;
0.338963 0.0352778 0.529413 0;
0.330264 0.0465466 0.487142 0;
0.33502 0.0459351 0.493872 0;
0.344022 0.0462623 0.490237 0;
0.356451 0.0469328 0.48304 0;
0.334053 0.0412775 0.429503 0;
0.147502 0.0461945 0.490984 1;
0.146577 0.0141731 0.728074 1;
0.276854 0.0131477 0.728487 1;
0.147477 0.0325885 0.648933 1;
0.146888 0.0141629 0.728071 1;
0.14657 0.0138149 0.72808 1;
0.407824 0.0130941 0.728524 1;
0.147329 0.0423294 0.47801 1;
0.147502 0.0140972 0.728057 1;
0.147068 0.0141731 0.728074 1;
